00000000000000000000000000000000
00000000000000000000000000000110
00000000000000000000000000001100
00000000000000000000000000010010
00000000000000000000000000011001
00000000000000000000000000011111
00000000000000000000000000100101
00000000000000000000000000101011
00000000000000000000000000110010
00000000000000000000000000111000
00000000000000000000000000111110
00000000000000000000000001000100
00000000000000000000000001001011
00000000000000000000000001010001
00000000000000000000000001010111
00000000000000000000000001011110
00000000000000000000000001100100
00000000000000000000000001101010
00000000000000000000000001110000
00000000000000000000000001110110
00000000000000000000000001111101
00000000000000000000000010000011
00000000000000000000000010001001
00000000000000000000000010001111
00000000000000000000000010010110
00000000000000000000000010011100
00000000000000000000000010100010
00000000000000000000000010101000
00000000000000000000000010101110
00000000000000000000000010110101
00000000000000000000000010111011
00000000000000000000000011000001
00000000000000000000000011000111
00000000000000000000000011001101
00000000000000000000000011010011
00000000000000000000000011011010
00000000000000000000000011100000
00000000000000000000000011100110
00000000000000000000000011101100
00000000000000000000000011110010
00000000000000000000000011111000
00000000000000000000000011111110
00000000000000000000000100000100
00000000000000000000000100001010
00000000000000000000000100010000
00000000000000000000000100010110
00000000000000000000000100011100
00000000000000000000000100100010
00000000000000000000000100101000
00000000000000000000000100101110
00000000000000000000000100110100
00000000000000000000000100111010
00000000000000000000000101000000
00000000000000000000000101000110
00000000000000000000000101001100
00000000000000000000000101010010
00000000000000000000000101011000
00000000000000000000000101011110
00000000000000000000000101100100
00000000000000000000000101101010
00000000000000000000000101110000
00000000000000000000000101110110
00000000000000000000000101111011
00000000000000000000000110000001
00000000000000000000000110000111
00000000000000000000000110001101
00000000000000000000000110010011
00000000000000000000000110011000
00000000000000000000000110011110
00000000000000000000000110100100
00000000000000000000000110101010
00000000000000000000000110101111
00000000000000000000000110110101
00000000000000000000000110111011
00000000000000000000000111000000
00000000000000000000000111000110
00000000000000000000000111001011
00000000000000000000000111010001
00000000000000000000000111010111
00000000000000000000000111011100
00000000000000000000000111100010
00000000000000000000000111100111
00000000000000000000000111101101
00000000000000000000000111110010
00000000000000000000000111111000
00000000000000000000000111111101
00000000000000000000001000000011
00000000000000000000001000001000
00000000000000000000001000001101
00000000000000000000001000010011
00000000000000000000001000011000
00000000000000000000001000011101
00000000000000000000001000100011
00000000000000000000001000101000
00000000000000000000001000101101
00000000000000000000001000110011
00000000000000000000001000111000
00000000000000000000001000111101
00000000000000000000001001000010
00000000000000000000001001000111
00000000000000000000001001001101
00000000000000000000001001010010
00000000000000000000001001010111
00000000000000000000001001011100
00000000000000000000001001100001
00000000000000000000001001100110
00000000000000000000001001101011
00000000000000000000001001110000
00000000000000000000001001110101
00000000000000000000001001111010
00000000000000000000001001111111
00000000000000000000001010000100
00000000000000000000001010001000
00000000000000000000001010001101
00000000000000000000001010010010
00000000000000000000001010010111
00000000000000000000001010011100
00000000000000000000001010100000
00000000000000000000001010100101
00000000000000000000001010101010
00000000000000000000001010101111
00000000000000000000001010110011
00000000000000000000001010111000
00000000000000000000001010111100
00000000000000000000001011000001
00000000000000000000001011000101
00000000000000000000001011001010
00000000000000000000001011001110
00000000000000000000001011010011
00000000000000000000001011010111
00000000000000000000001011011100
00000000000000000000001011100000
00000000000000000000001011100100
00000000000000000000001011101001
00000000000000000000001011101101
00000000000000000000001011110001
00000000000000000000001011110101
00000000000000000000001011111010
00000000000000000000001011111110
00000000000000000000001100000010
00000000000000000000001100000110
00000000000000000000001100001010
00000000000000000000001100001110
00000000000000000000001100010010
00000000000000000000001100010110
00000000000000000000001100011010
00000000000000000000001100011110
00000000000000000000001100100010
00000000000000000000001100100110
00000000000000000000001100101010
00000000000000000000001100101110
00000000000000000000001100110001
00000000000000000000001100110101
00000000000000000000001100111001
00000000000000000000001100111101
00000000000000000000001101000000
00000000000000000000001101000100
00000000000000000000001101000111
00000000000000000000001101001011
00000000000000000000001101001111
00000000000000000000001101010010
00000000000000000000001101010110
00000000000000000000001101011001
00000000000000000000001101011100
00000000000000000000001101100000
00000000000000000000001101100011
00000000000000000000001101100110
00000000000000000000001101101010
00000000000000000000001101101101
00000000000000000000001101110000
00000000000000000000001101110011
00000000000000000000001101110110
00000000000000000000001101111010
00000000000000000000001101111101
00000000000000000000001110000000
00000000000000000000001110000011
00000000000000000000001110000110
00000000000000000000001110001001
00000000000000000000001110001100
00000000000000000000001110001110
00000000000000000000001110010001
00000000000000000000001110010100
00000000000000000000001110010111
00000000000000000000001110011010
00000000000000000000001110011100
00000000000000000000001110011111
00000000000000000000001110100010
00000000000000000000001110100100
00000000000000000000001110100111
00000000000000000000001110101001
00000000000000000000001110101100
00000000000000000000001110101110
00000000000000000000001110110001
00000000000000000000001110110011
00000000000000000000001110110101
00000000000000000000001110111000
00000000000000000000001110111010
00000000000000000000001110111100
00000000000000000000001110111110
00000000000000000000001111000001
00000000000000000000001111000011
00000000000000000000001111000101
00000000000000000000001111000111
00000000000000000000001111001001
00000000000000000000001111001011
00000000000000000000001111001101
00000000000000000000001111001111
00000000000000000000001111010001
00000000000000000000001111010010
00000000000000000000001111010100
00000000000000000000001111010110
00000000000000000000001111011000
00000000000000000000001111011001
00000000000000000000001111011011
00000000000000000000001111011101
00000000000000000000001111011110
00000000000000000000001111100000
00000000000000000000001111100001
00000000000000000000001111100011
00000000000000000000001111100100
00000000000000000000001111100110
00000000000000000000001111100111
00000000000000000000001111101000
00000000000000000000001111101010
00000000000000000000001111101011
00000000000000000000001111101100
00000000000000000000001111101101
00000000000000000000001111101110
00000000000000000000001111101111
00000000000000000000001111110000
00000000000000000000001111110010
00000000000000000000001111110010
00000000000000000000001111110011
00000000000000000000001111110100
00000000000000000000001111110101
00000000000000000000001111110110
00000000000000000000001111110111
00000000000000000000001111111000
00000000000000000000001111111000
00000000000000000000001111111001
00000000000000000000001111111010
00000000000000000000001111111010
00000000000000000000001111111011
00000000000000000000001111111011
00000000000000000000001111111100
00000000000000000000001111111100
00000000000000000000001111111101
00000000000000000000001111111101
00000000000000000000001111111101
00000000000000000000001111111110
00000000000000000000001111111110
00000000000000000000001111111110
00000000000000000000001111111110
00000000000000000000001111111110
00000000000000000000001111111110
00000000000000000000001111111110
00000000000000000000001111111111
00000000000000000000001111111110
00000000000000000000001111111110
00000000000000000000001111111110
00000000000000000000001111111110
00000000000000000000001111111110
00000000000000000000001111111110
00000000000000000000001111111110
00000000000000000000001111111101
00000000000000000000001111111101
00000000000000000000001111111101
00000000000000000000001111111100
00000000000000000000001111111100
00000000000000000000001111111011
00000000000000000000001111111011
00000000000000000000001111111010
00000000000000000000001111111010
00000000000000000000001111111001
00000000000000000000001111111000
00000000000000000000001111111000
00000000000000000000001111110111
00000000000000000000001111110110
00000000000000000000001111110101
00000000000000000000001111110100
00000000000000000000001111110011
00000000000000000000001111110010
00000000000000000000001111110010
00000000000000000000001111110000
00000000000000000000001111101111
00000000000000000000001111101110
00000000000000000000001111101101
00000000000000000000001111101100
00000000000000000000001111101011
00000000000000000000001111101010
00000000000000000000001111101000
00000000000000000000001111100111
00000000000000000000001111100110
00000000000000000000001111100100
00000000000000000000001111100011
00000000000000000000001111100001
00000000000000000000001111100000
00000000000000000000001111011110
00000000000000000000001111011101
00000000000000000000001111011011
00000000000000000000001111011001
00000000000000000000001111011000
00000000000000000000001111010110
00000000000000000000001111010100
00000000000000000000001111010010
00000000000000000000001111010001
00000000000000000000001111001111
00000000000000000000001111001101
00000000000000000000001111001011
00000000000000000000001111001001
00000000000000000000001111000111
00000000000000000000001111000101
00000000000000000000001111000011
00000000000000000000001111000001
00000000000000000000001110111110
00000000000000000000001110111100
00000000000000000000001110111010
00000000000000000000001110111000
00000000000000000000001110110101
00000000000000000000001110110011
00000000000000000000001110110001
00000000000000000000001110101110
00000000000000000000001110101100
00000000000000000000001110101001
00000000000000000000001110100111
00000000000000000000001110100100
00000000000000000000001110100010
00000000000000000000001110011111
00000000000000000000001110011100
00000000000000000000001110011010
00000000000000000000001110010111
00000000000000000000001110010100
00000000000000000000001110010001
00000000000000000000001110001110
00000000000000000000001110001100
00000000000000000000001110001001
00000000000000000000001110000110
00000000000000000000001110000011
00000000000000000000001110000000
00000000000000000000001101111101
00000000000000000000001101111010
00000000000000000000001101110110
00000000000000000000001101110011
00000000000000000000001101110000
00000000000000000000001101101101
00000000000000000000001101101010
00000000000000000000001101100110
00000000000000000000001101100011
00000000000000000000001101100000
00000000000000000000001101011100
00000000000000000000001101011001
00000000000000000000001101010110
00000000000000000000001101010010
00000000000000000000001101001111
00000000000000000000001101001011
00000000000000000000001101000111
00000000000000000000001101000100
00000000000000000000001101000000
00000000000000000000001100111101
00000000000000000000001100111001
00000000000000000000001100110101
00000000000000000000001100110001
00000000000000000000001100101110
00000000000000000000001100101010
00000000000000000000001100100110
00000000000000000000001100100010
00000000000000000000001100011110
00000000000000000000001100011010
00000000000000000000001100010110
00000000000000000000001100010010
00000000000000000000001100001110
00000000000000000000001100001010
00000000000000000000001100000110
00000000000000000000001100000010
00000000000000000000001011111110
00000000000000000000001011111010
00000000000000000000001011110101
00000000000000000000001011110001
00000000000000000000001011101101
00000000000000000000001011101001
00000000000000000000001011100100
00000000000000000000001011100000
00000000000000000000001011011100
00000000000000000000001011010111
00000000000000000000001011010011
00000000000000000000001011001110
00000000000000000000001011001010
00000000000000000000001011000101
00000000000000000000001011000001
00000000000000000000001010111100
00000000000000000000001010111000
00000000000000000000001010110011
00000000000000000000001010101111
00000000000000000000001010101010
00000000000000000000001010100101
00000000000000000000001010100000
00000000000000000000001010011100
00000000000000000000001010010111
00000000000000000000001010010010
00000000000000000000001010001101
00000000000000000000001010001000
00000000000000000000001010000100
00000000000000000000001001111111
00000000000000000000001001111010
00000000000000000000001001110101
00000000000000000000001001110000
00000000000000000000001001101011
00000000000000000000001001100110
00000000000000000000001001100001
00000000000000000000001001011100
00000000000000000000001001010111
00000000000000000000001001010010
00000000000000000000001001001101
00000000000000000000001001000111
00000000000000000000001001000010
00000000000000000000001000111101
00000000000000000000001000111000
00000000000000000000001000110011
00000000000000000000001000101101
00000000000000000000001000101000
00000000000000000000001000100011
00000000000000000000001000011101
00000000000000000000001000011000
00000000000000000000001000010011
00000000000000000000001000001101
00000000000000000000001000001000
00000000000000000000001000000011
00000000000000000000000111111101
00000000000000000000000111111000
00000000000000000000000111110010
00000000000000000000000111101101
00000000000000000000000111100111
00000000000000000000000111100010
00000000000000000000000111011100
00000000000000000000000111010111
00000000000000000000000111010001
00000000000000000000000111001011
00000000000000000000000111000110
00000000000000000000000111000000
00000000000000000000000110111011
00000000000000000000000110110101
00000000000000000000000110101111
00000000000000000000000110101010
00000000000000000000000110100100
00000000000000000000000110011110
00000000000000000000000110011000
00000000000000000000000110010011
00000000000000000000000110001101
00000000000000000000000110000111
00000000000000000000000110000001
00000000000000000000000101111011
00000000000000000000000101110110
00000000000000000000000101110000
00000000000000000000000101101010
00000000000000000000000101100100
00000000000000000000000101011110
00000000000000000000000101011000
00000000000000000000000101010010
00000000000000000000000101001100
00000000000000000000000101000110
00000000000000000000000101000000
00000000000000000000000100111010
00000000000000000000000100110100
00000000000000000000000100101110
00000000000000000000000100101000
00000000000000000000000100100010
00000000000000000000000100011100
00000000000000000000000100010110
00000000000000000000000100010000
00000000000000000000000100001010
00000000000000000000000100000100
00000000000000000000000011111110
00000000000000000000000011111000
00000000000000000000000011110010
00000000000000000000000011101100
00000000000000000000000011100110
00000000000000000000000011100000
00000000000000000000000011011010
00000000000000000000000011010011
00000000000000000000000011001101
00000000000000000000000011000111
00000000000000000000000011000001
00000000000000000000000010111011
00000000000000000000000010110101
00000000000000000000000010101110
00000000000000000000000010101000
00000000000000000000000010100010
00000000000000000000000010011100
00000000000000000000000010010110
00000000000000000000000010001111
00000000000000000000000010001001
00000000000000000000000010000011
00000000000000000000000001111101
00000000000000000000000001110110
00000000000000000000000001110000
00000000000000000000000001101010
00000000000000000000000001100100
00000000000000000000000001011110
00000000000000000000000001010111
00000000000000000000000001010001
00000000000000000000000001001011
00000000000000000000000001000100
00000000000000000000000000111110
00000000000000000000000000111000
00000000000000000000000000110010
00000000000000000000000000101011
00000000000000000000000000100101
00000000000000000000000000011111
00000000000000000000000000011001
00000000000000000000000000010010
00000000000000000000000000001100
00000000000000000000000000000110
00000000000000000000000000000000
00000000000000000000000000000110
00000000000000000000000000001100
00000000000000000000000000010010
00000000000000000000000000011001
00000000000000000000000000011111
00000000000000000000000000100101
00000000000000000000000000101011
00000000000000000000000000110010
00000000000000000000000000111000
00000000000000000000000000111110
00000000000000000000000001000100
00000000000000000000000001001011
00000000000000000000000001010001
00000000000000000000000001010111
00000000000000000000000001011110
00000000000000000000000001100100
00000000000000000000000001101010
00000000000000000000000001110000
00000000000000000000000001110110
00000000000000000000000001111101
00000000000000000000000010000011
00000000000000000000000010001001
00000000000000000000000010001111
00000000000000000000000010010110
00000000000000000000000010011100
00000000000000000000000010100010
00000000000000000000000010101000
00000000000000000000000010101110
00000000000000000000000010110101
00000000000000000000000010111011
00000000000000000000000011000001
00000000000000000000000011000111
00000000000000000000000011001101
00000000000000000000000011010011
00000000000000000000000011011010
00000000000000000000000011100000
00000000000000000000000011100110
00000000000000000000000011101100
00000000000000000000000011110010
00000000000000000000000011111000
00000000000000000000000011111110
00000000000000000000000100000100
00000000000000000000000100001010
00000000000000000000000100010000
00000000000000000000000100010110
00000000000000000000000100011100
00000000000000000000000100100010
00000000000000000000000100101000
00000000000000000000000100101110
00000000000000000000000100110100
00000000000000000000000100111010
00000000000000000000000101000000
00000000000000000000000101000110
00000000000000000000000101001100
00000000000000000000000101010010
00000000000000000000000101011000
00000000000000000000000101011110
00000000000000000000000101100100
00000000000000000000000101101010
00000000000000000000000101110000
00000000000000000000000101110110
00000000000000000000000101111011
00000000000000000000000110000001
00000000000000000000000110000111
00000000000000000000000110001101
00000000000000000000000110010011
00000000000000000000000110011000
00000000000000000000000110011110
00000000000000000000000110100100
00000000000000000000000110101010
00000000000000000000000110101111
00000000000000000000000110110101
00000000000000000000000110111011
00000000000000000000000111000000
00000000000000000000000111000110
00000000000000000000000111001011
00000000000000000000000111010001
00000000000000000000000111010111
00000000000000000000000111011100
00000000000000000000000111100010
00000000000000000000000111100111
00000000000000000000000111101101
00000000000000000000000111110010
00000000000000000000000111111000
00000000000000000000000111111101
00000000000000000000001000000011
00000000000000000000001000001000
00000000000000000000001000001101
00000000000000000000001000010011
00000000000000000000001000011000
00000000000000000000001000011101
00000000000000000000001000100011
00000000000000000000001000101000
00000000000000000000001000101101
00000000000000000000001000110011
00000000000000000000001000111000
00000000000000000000001000111101
00000000000000000000001001000010
00000000000000000000001001000111
00000000000000000000001001001101
00000000000000000000001001010010
00000000000000000000001001010111
00000000000000000000001001011100
00000000000000000000001001100001
00000000000000000000001001100110
00000000000000000000001001101011
00000000000000000000001001110000
00000000000000000000001001110101
00000000000000000000001001111010
00000000000000000000001001111111
00000000000000000000001010000100
00000000000000000000001010001000
00000000000000000000001010001101
00000000000000000000001010010010
00000000000000000000001010010111
00000000000000000000001010011100
00000000000000000000001010100000
00000000000000000000001010100101
00000000000000000000001010101010
00000000000000000000001010101111
00000000000000000000001010110011
00000000000000000000001010111000
00000000000000000000001010111100
00000000000000000000001011000001
00000000000000000000001011000101
00000000000000000000001011001010
00000000000000000000001011001110
00000000000000000000001011010011
00000000000000000000001011010111
00000000000000000000001011011100
00000000000000000000001011100000
00000000000000000000001011100100
00000000000000000000001011101001
00000000000000000000001011101101
00000000000000000000001011110001
00000000000000000000001011110101
00000000000000000000001011111010
00000000000000000000001011111110
00000000000000000000001100000010
00000000000000000000001100000110
00000000000000000000001100001010
00000000000000000000001100001110
00000000000000000000001100010010
00000000000000000000001100010110
00000000000000000000001100011010
00000000000000000000001100011110
00000000000000000000001100100010
00000000000000000000001100100110
00000000000000000000001100101010
00000000000000000000001100101110
00000000000000000000001100110001
00000000000000000000001100110101
00000000000000000000001100111001
00000000000000000000001100111101
00000000000000000000001101000000
00000000000000000000001101000100
00000000000000000000001101000111
00000000000000000000001101001011
00000000000000000000001101001111
00000000000000000000001101010010
00000000000000000000001101010110
00000000000000000000001101011001
00000000000000000000001101011100
00000000000000000000001101100000
00000000000000000000001101100011
00000000000000000000001101100110
00000000000000000000001101101010
00000000000000000000001101101101
00000000000000000000001101110000
00000000000000000000001101110011
00000000000000000000001101110110
00000000000000000000001101111010
00000000000000000000001101111101
00000000000000000000001110000000
00000000000000000000001110000011
00000000000000000000001110000110
00000000000000000000001110001001
00000000000000000000001110001100
00000000000000000000001110001110
00000000000000000000001110010001
00000000000000000000001110010100
00000000000000000000001110010111
00000000000000000000001110011010
00000000000000000000001110011100
00000000000000000000001110011111
00000000000000000000001110100010
00000000000000000000001110100100
00000000000000000000001110100111
00000000000000000000001110101001
00000000000000000000001110101100
00000000000000000000001110101110
00000000000000000000001110110001
00000000000000000000001110110011
00000000000000000000001110110101
00000000000000000000001110111000
00000000000000000000001110111010
00000000000000000000001110111100
00000000000000000000001110111110
00000000000000000000001111000001
00000000000000000000001111000011
00000000000000000000001111000101
00000000000000000000001111000111
00000000000000000000001111001001
00000000000000000000001111001011
00000000000000000000001111001101
00000000000000000000001111001111
00000000000000000000001111010001
00000000000000000000001111010010
00000000000000000000001111010100
00000000000000000000001111010110
00000000000000000000001111011000
00000000000000000000001111011001
00000000000000000000001111011011
00000000000000000000001111011101
00000000000000000000001111011110
00000000000000000000001111100000
00000000000000000000001111100001
00000000000000000000001111100011
00000000000000000000001111100100
00000000000000000000001111100110
00000000000000000000001111100111
00000000000000000000001111101000
00000000000000000000001111101010
00000000000000000000001111101011
00000000000000000000001111101100
00000000000000000000001111101101
00000000000000000000001111101110
00000000000000000000001111101111
00000000000000000000001111110000
00000000000000000000001111110010
00000000000000000000001111110010
00000000000000000000001111110011
00000000000000000000001111110100
00000000000000000000001111110101
00000000000000000000001111110110
00000000000000000000001111110111
00000000000000000000001111111000
00000000000000000000001111111000
00000000000000000000001111111001
00000000000000000000001111111010
00000000000000000000001111111010
00000000000000000000001111111011
00000000000000000000001111111011
00000000000000000000001111111100
00000000000000000000001111111100
00000000000000000000001111111101
00000000000000000000001111111101
00000000000000000000001111111101
00000000000000000000001111111110
00000000000000000000001111111110
00000000000000000000001111111110
00000000000000000000001111111110
00000000000000000000001111111110
00000000000000000000001111111110
00000000000000000000001111111110
00000000000000000000001111111111
00000000000000000000001111111110
00000000000000000000001111111110
00000000000000000000001111111110
00000000000000000000001111111110
00000000000000000000001111111110
00000000000000000000001111111110
00000000000000000000001111111110
00000000000000000000001111111101
00000000000000000000001111111101
00000000000000000000001111111101
00000000000000000000001111111100
00000000000000000000001111111100
00000000000000000000001111111011
00000000000000000000001111111011
00000000000000000000001111111010
00000000000000000000001111111010
00000000000000000000001111111001
00000000000000000000001111111000
00000000000000000000001111111000
00000000000000000000001111110111
00000000000000000000001111110110
00000000000000000000001111110101
00000000000000000000001111110100
00000000000000000000001111110011
00000000000000000000001111110010
00000000000000000000001111110010
00000000000000000000001111110000
00000000000000000000001111101111
00000000000000000000001111101110
00000000000000000000001111101101
00000000000000000000001111101100
00000000000000000000001111101011
00000000000000000000001111101010
00000000000000000000001111101000
00000000000000000000001111100111
00000000000000000000001111100110
00000000000000000000001111100100
00000000000000000000001111100011
00000000000000000000001111100001
00000000000000000000001111100000
00000000000000000000001111011110
00000000000000000000001111011101
00000000000000000000001111011011
00000000000000000000001111011001
00000000000000000000001111011000
00000000000000000000001111010110
00000000000000000000001111010100
00000000000000000000001111010010
00000000000000000000001111010001
00000000000000000000001111001111
00000000000000000000001111001101
00000000000000000000001111001011
00000000000000000000001111001001
00000000000000000000001111000111
00000000000000000000001111000101
00000000000000000000001111000011
00000000000000000000001111000001
00000000000000000000001110111110
00000000000000000000001110111100
00000000000000000000001110111010
00000000000000000000001110111000
00000000000000000000001110110101
00000000000000000000001110110011
00000000000000000000001110110001
00000000000000000000001110101110
00000000000000000000001110101100
00000000000000000000001110101001
00000000000000000000001110100111
00000000000000000000001110100100
00000000000000000000001110100010
00000000000000000000001110011111
00000000000000000000001110011100
00000000000000000000001110011010
00000000000000000000001110010111
00000000000000000000001110010100
00000000000000000000001110010001
00000000000000000000001110001110
00000000000000000000001110001100
00000000000000000000001110001001
00000000000000000000001110000110
00000000000000000000001110000011
00000000000000000000001110000000
00000000000000000000001101111101
00000000000000000000001101111010
00000000000000000000001101110110
00000000000000000000001101110011
00000000000000000000001101110000
00000000000000000000001101101101
00000000000000000000001101101010
00000000000000000000001101100110
00000000000000000000001101100011
00000000000000000000001101100000
00000000000000000000001101011100
00000000000000000000001101011001
00000000000000000000001101010110
00000000000000000000001101010010
00000000000000000000001101001111
00000000000000000000001101001011
00000000000000000000001101000111
00000000000000000000001101000100
00000000000000000000001101000000
00000000000000000000001100111101
00000000000000000000001100111001
00000000000000000000001100110101
00000000000000000000001100110001
00000000000000000000001100101110
00000000000000000000001100101010
00000000000000000000001100100110
00000000000000000000001100100010
00000000000000000000001100011110
00000000000000000000001100011010
00000000000000000000001100010110
00000000000000000000001100010010
00000000000000000000001100001110
00000000000000000000001100001010
00000000000000000000001100000110
00000000000000000000001100000010
00000000000000000000001011111110
00000000000000000000001011111010
00000000000000000000001011110101
00000000000000000000001011110001
00000000000000000000001011101101
00000000000000000000001011101001
00000000000000000000001011100100
00000000000000000000001011100000
00000000000000000000001011011100
00000000000000000000001011010111
00000000000000000000001011010011
00000000000000000000001011001110
00000000000000000000001011001010
00000000000000000000001011000101
00000000000000000000001011000001
00000000000000000000001010111100
00000000000000000000001010111000
00000000000000000000001010110011
00000000000000000000001010101111
00000000000000000000001010101010
00000000000000000000001010100101
00000000000000000000001010100000
00000000000000000000001010011100
00000000000000000000001010010111
00000000000000000000001010010010
00000000000000000000001010001101
00000000000000000000001010001000
00000000000000000000001010000100
00000000000000000000001001111111
00000000000000000000001001111010
00000000000000000000001001110101
00000000000000000000001001110000
00000000000000000000001001101011
00000000000000000000001001100110
00000000000000000000001001100001
00000000000000000000001001011100
00000000000000000000001001010111
00000000000000000000001001010010
00000000000000000000001001001101
00000000000000000000001001000111
00000000000000000000001001000010
00000000000000000000001000111101
00000000000000000000001000111000
00000000000000000000001000110011
00000000000000000000001000101101
00000000000000000000001000101000
00000000000000000000001000100011
00000000000000000000001000011101
00000000000000000000001000011000
00000000000000000000001000010011
00000000000000000000001000001101
00000000000000000000001000001000
00000000000000000000001000000011
00000000000000000000000111111101
00000000000000000000000111111000
00000000000000000000000111110010
00000000000000000000000111101101
00000000000000000000000111100111
00000000000000000000000111100010
00000000000000000000000111011100
00000000000000000000000111010111
00000000000000000000000111010001
00000000000000000000000111001011
00000000000000000000000111000110
00000000000000000000000111000000
00000000000000000000000110111011
00000000000000000000000110110101
00000000000000000000000110101111
00000000000000000000000110101010
00000000000000000000000110100100
00000000000000000000000110011110
00000000000000000000000110011000
00000000000000000000000110010011
00000000000000000000000110001101
00000000000000000000000110000111
00000000000000000000000110000001
00000000000000000000000101111011
00000000000000000000000101110110
00000000000000000000000101110000
00000000000000000000000101101010
00000000000000000000000101100100
00000000000000000000000101011110
00000000000000000000000101011000
00000000000000000000000101010010
00000000000000000000000101001100
00000000000000000000000101000110
00000000000000000000000101000000
00000000000000000000000100111010
00000000000000000000000100110100
00000000000000000000000100101110
00000000000000000000000100101000
00000000000000000000000100100010
00000000000000000000000100011100
00000000000000000000000100010110
00000000000000000000000100010000
00000000000000000000000100001010
00000000000000000000000100000100
00000000000000000000000011111110
00000000000000000000000011111000
00000000000000000000000011110010
00000000000000000000000011101100
00000000000000000000000011100110
00000000000000000000000011100000
00000000000000000000000011011010
00000000000000000000000011010011
00000000000000000000000011001101
00000000000000000000000011000111
00000000000000000000000011000001
00000000000000000000000010111011
00000000000000000000000010110101
00000000000000000000000010101110
00000000000000000000000010101000
00000000000000000000000010100010
00000000000000000000000010011100
00000000000000000000000010010110
00000000000000000000000010001111
00000000000000000000000010001001
00000000000000000000000010000011
00000000000000000000000001111101
00000000000000000000000001110110
00000000000000000000000001110000
00000000000000000000000001101010
00000000000000000000000001100100
00000000000000000000000001011110
00000000000000000000000001010111
00000000000000000000000001010001
00000000000000000000000001001011
00000000000000000000000001000100
00000000000000000000000000111110
00000000000000000000000000111000
00000000000000000000000000110010
00000000000000000000000000101011
00000000000000000000000000100101
00000000000000000000000000011111
00000000000000000000000000011001
00000000000000000000000000010010
00000000000000000000000000001100